10.0 3.56955978403703e-22 
11.0 9.781119878438271e-23 
12.0 7.155563811210499e-23 
13.0 5.76623537708083e-23 
14.0 4.823426290962265e-23 
15.0 4.1275163997197374e-23 
16.0 3.590119006043436e-23 
17.0 3.1620653761724825e-23 
18.0 2.814030989881619e-23 
19.0 2.5263426195723287e-23 
20.0 2.2853821733667517e-23 
21.0 2.0811727789065265e-23 
22.0 1.9068404367294155e-23 
23.0 1.7567533284666755e-23 
24.0 1.626640019192558e-23 
25.0 1.51309961378347e-23 
26.0 1.4135651261783377e-23 
27.0 1.3258300484213443e-23 
28.0 1.2481820292408561e-23 
29.0 1.1791614646789096e-23 
30.0 1.11754673560295e-23 
31.0 1.0624299542850996e-23 
32.0 1.0129000714306444e-23 
33.0 9.68336456617647e-24 
34.0 9.280411517921095e-24 
35.0 8.91520526985395e-24 
36.0 8.583708794305698e-24 
37.0 8.281752180496924e-24 
38.0 8.006209059387145e-24 
39.0 7.754161593320355e-24 
40.0 7.523046934981183e-24 
41.0 7.310808260071749e-24 
42.0 7.115413538161438e-24 
43.0 6.9350398338213e-24 
44.0 6.768504458166016e-24 
45.0 6.61423076042455e-24 
46.0 6.471037416934359e-24 
47.0 6.337994890624841e-24 
48.0 6.214172477316481e-24 
49.0 6.098698801225901e-24 
50.0 5.99074000907177e-24 
51.0 5.8898717633064324e-24 
52.0 5.795279233503765e-24 
53.0 5.7063472314651565e-24 
54.0 5.622942631224128e-24 
55.0 5.5443970295622916e-24 
56.0 5.470302700307139e-24 
57.0 5.4003009122374025e-24 
58.0 5.334200735390868e-24 
59.0 5.271570880512769e-24 
60.0 5.2121988407257265e-24 
61.0 5.155892327536762e-24 
62.0 5.102313585276153e-24 
63.0 5.0514475938554016e-24 
64.0 5.002915786239446e-24 
65.0 4.956649827691112e-24 
66.0 4.912522992813533e-24 
67.0 4.8703046479555074e-24 
68.0 4.829947110777386e-24 
69.0 4.7912594598892046e-24 
70.0 4.7541927648926135e-24 
71.0 4.718661265274678e-24 
72.0 4.684580529302219e-24 
73.0 4.6517131428850965e-24 
74.0 4.620207785097504e-24 
75.0 4.589776492768941e-24 
76.0 4.560515649587617e-24 
77.0 4.5322383818305e-24 
78.0 4.5050147441032895e-24 
79.0 4.478682016637747e-24 
80.0 4.4532766921041354e-24 
81.0 4.428648507885732e-24 
82.0 4.404875075066523e-24 
83.0 4.3818759787196286e-24 
84.0 4.359536532014857e-24 
85.0 4.337864260352489e-24 
86.0 4.316917647442651e-24 
87.0 4.296564523451995e-24 
88.0 4.276765741545853e-24 
89.0 4.257583896512151e-24 
90.0 4.2388502930611984e-24 
91.0 4.220748785360998e-24 
92.0 4.2030313704107554e-24 
93.0 4.185834818058677e-24 
94.0 4.169055190740484e-24 
95.0 4.1527447814783476e-24 
96.0 4.1368861938619834e-24 
97.0 4.1213611776499005e-24 
98.0 4.106215959672537e-24 
99.0 4.091450780137492e-24 
100.0 4.0770725268212065e-24 
101.0 4.063060384325969e-24 
102.0 4.0493068617707546e-24 
103.0 4.0358197056975e-24 
104.0 4.022721067430861e-24 
105.0 4.009916964875834e-24 
106.0 3.997355652743977e-24 
107.0 3.985105051567896e-24 
108.0 3.973126966448846e-24 
109.0 3.961399030440579e-24 
110.0 3.949897017053568e-24 
111.0 3.938528853895644e-24 
112.0 3.927551260541507e-24 
113.0 3.9167396782658774e-24 
114.0 3.906162320603465e-24 
115.0 3.895777184093258e-24 
116.0 3.885627901186175e-24 
117.0 3.875737268445332e-24 
118.0 3.8659300040469945e-24 
119.0 3.856283541162358e-24 
120.0 3.8469381382203845e-24 
121.0 3.837699320166226e-24 
122.0 3.828665717635539e-24 
123.0 3.819813945048534e-24 
124.0 3.811004107424192e-24 
125.0 3.8024682266225125e-24 
126.0 3.7940750468243515e-24 
127.0 3.785830308181764e-24 
128.0 3.777745878169681e-24 
129.0 3.769781435903586e-24 
130.0 3.761967221459885e-24 
131.0 3.754290872702859e-24 
132.0 3.74674922885567e-24 
133.0 3.739316245063222e-24 
134.0 3.731967719902057e-24 
135.0 3.7248381381433024e-24 
136.0 3.717804355381538e-24 
137.0 3.7108042901738496e-24 
138.0 3.704027535594588e-24 
139.0 3.697355845514403e-24 
140.0 3.69076036366378e-24 
141.0 3.684297009905689e-24 
142.0 3.677937603077967e-24 
143.0 3.671670974311404e-24 
144.0 3.665484242756811e-24 
145.0 3.659369706317762e-24 
146.0 3.653410477988977e-24 
147.0 3.647593970791538e-24 
148.0 3.6418351188172544e-24 
149.0 3.636176959778151e-24 
150.0 3.630596806830311e-24 
151.0 3.6250426985481045e-24 
152.0 3.619594035700243e-24 
153.0 3.6142797626770586e-24 
154.0 3.6090618939296265e-24 
155.0 3.603885162787868e-24 
156.0 3.598793390284376e-24 
157.0 3.593873561880787e-24 
158.0 3.588996091572216e-24 
159.0 3.584119174718669e-24 
160.0 3.579363458017986e-24 
161.0 3.5746935226091204e-24 
162.0 3.570053985411253e-24 
163.0 3.5654903337164636e-24 
164.0 3.5610149156531164e-24 
165.0 3.5566105935746844e-24 
166.0 3.552280929481877e-24 
167.0 3.5480255879305395e-24 
168.0 3.543829975104056e-24 
169.0 3.539688811379268e-24 
170.0 3.535607071671084e-24 
171.0 3.531603749066617e-24 
172.0 3.527681642332948e-24 
173.0 3.523810338268185e-24 
174.0 3.5199900177747215e-24 
175.0 3.516244350093204e-24 
176.0 3.512564177025813e-24 
177.0 3.508930366743331e-24 
178.0 3.505335435994509e-24 
179.0 3.501789698959358e-24 
180.0 3.49832659765274e-24 
181.0 3.494940225536611e-24 
182.0 3.491589690527088e-24 
183.0 3.4882643807226016e-24 
184.0 3.4849751120938416e-24 
185.0 3.4817545200164445e-24 
186.0 3.478622085415232e-24 
187.0 3.475530720661942e-24 
188.0 3.472454659899948e-24 
189.0 3.469444049426926e-24 
190.0 3.466519288202308e-24 
191.0 3.4636393795166336e-24 
192.0 3.460789085037183e-24 
193.0 3.457988944634208e-24 
194.0 3.455234066673077e-24 
195.0 3.452495842404259e-24 
196.0 3.4497856849325875e-24 
197.0 3.447144624404564e-24 
198.0 3.444570001986493e-24 
199.0 3.442030918945194e-24 
200.0 3.439537818067506e-24 
201.0 3.437124180039211e-24 
202.0 3.434767340290984e-24 
203.0 3.432412161478273e-24 
204.0 3.430057447767102e-24 
205.0 3.427737867375307e-24 
206.0 3.425475221861016e-24 
207.0 3.423280299513083e-24 
208.0 3.4211460017540545e-24 
209.0 3.4190507331575005e-24 
210.0 3.416985037317655e-24 
211.0 3.414952332399935e-24 
212.0 3.412949772440383e-24 
213.0 3.410965564616266e-24 
214.0 3.409003437686557e-24 
215.0 3.4070963756566676e-24 
216.0 3.405259818679309e-24 
217.0 3.4034541563421616e-24 
218.0 3.4016448895574496e-24 
219.0 3.3998582108971636e-24 
220.0 3.398130864193225e-24 
221.0 3.396457230579753e-24 
222.0 3.39481357803973e-24 
223.0 3.393192277258091e-24 
224.0 3.391598431623651e-24 
225.0 3.390039933735485e-24 
226.0 3.3885281244183356e-24 
227.0 3.387065212363002e-24 
228.0 3.3856271425299974e-24 
229.0 3.3841918341568464e-24 
230.0 3.382778309291681e-24 
231.0 3.38141956434491e-24 
232.0 3.380113429167578e-24 
233.0 3.378827624462669e-24 
234.0 3.377549863800359e-24 
235.0 3.376309531155197e-24 
236.0 3.3751316200472345e-24 
237.0 3.37399116330981e-24 
238.0 3.372848474038459e-24 
239.0 3.371701655009655e-24 
240.0 3.3705828574015546e-24 
241.0 3.369515924907364e-24 
242.0 3.368500439922706e-24 
243.0 3.3675309504356875e-24 
244.0 3.366591048393843e-24 
245.0 3.365658797568324e-24 
246.0 3.3647285839435455e-24 
247.0 3.3638219503053215e-24 
248.0 3.3629586318930674e-24 
249.0 3.362130726290495e-24 
250.0 3.361319862994723e-24 
251.0 3.3605229853262265e-24 
252.0 3.359758892956223e-24 
253.0 3.359043683008261e-24 
254.0 3.358366364345138e-24 
255.0 3.357705762922759e-24 
256.0 3.357051871511771e-24 
257.0 3.3564125574734604e-24 
258.0 3.355797031230971e-24 
259.0 3.3552123429106635e-24 
260.0 3.3546644478914336e-24 
261.0 3.354153542379513e-24 
262.0 3.353666137763334e-24 
263.0 3.353187735830924e-24 
264.0 3.352720713765528e-24 
265.0 3.352281655655153e-24 
266.0 3.351883090765212e-24 
267.0 3.351515230257676e-24 
268.0 3.3511614627121576e-24 
269.0 3.350814292698844e-24 
270.0 3.35048324948652e-24 
271.0 3.3501792955373715e-24 
272.0 3.3499062240232146e-24 
273.0 3.3496619128721256e-24 
274.0 3.349443600126917e-24 
275.0 3.349245654493556e-24 
276.0 3.349061350306816e-24 
277.0 3.348887460583484e-24 
278.0 3.3487308431175845e-24 
279.0 3.348600104732333e-24 
280.0 3.348500604291644e-24 
281.0 3.348432727052071e-24 
282.0 3.3483962167434365e-24 
283.0 3.3483865300826845e-24 
284.0 3.348395234215316e-24 
285.0 3.348414664737138e-24 
286.0 3.348446271112706e-24 
287.0 3.348496757008251e-24 
288.0 3.348571781193777e-24 
289.0 3.348670039230692e-24 
290.0 3.348787528616711e-24 
291.0 3.3489210160201266e-24 
292.0 3.349070707010125e-24 
293.0 3.349237760547267e-24 
294.0 3.349422999108863e-24 
295.0 3.349626088098215e-24 
296.0 3.349846445145882e-24 
297.0 3.3500842969915976e-24 
298.0 3.350342230116442e-24 
299.0 3.350623256082148e-24 
300.0 3.3509286667449575e-24 
301.0 3.351255106107311e-24 
302.0 3.351598442721353e-24 
303.0 3.351955887823327e-24 
304.0 3.352328320210557e-24 
305.0 3.352717239129811e-24 
306.0 3.353124098201515e-24 
307.0 3.353550213505475e-24 
308.0 3.353996875288315e-24 
309.0 3.354464632070585e-24 
310.0 3.354951326491902e-24 
311.0 3.355454184328276e-24 
312.0 3.355970863099731e-24 
313.0 3.356501116397955e-24 
314.0 3.357045333015896e-24 
315.0 3.3576041292693425e-24 
316.0 3.3581797524716726e-24 
317.0 3.358775162025253e-24 
318.0 3.35939306101898e-24 
319.0 3.360032968194828e-24 
320.0 3.360692264088847e-24 
321.0 3.3613683614481615e-24 
322.0 3.3620606586438394e-24 
323.0 3.362770745138275e-24 
324.0 3.3635003076639026e-24 
325.0 3.364248940387286e-24 
326.0 3.3650120693291765e-24 
327.0 3.365784626765494e-24 
328.0 3.366563167729538e-24 
329.0 3.367350996866454e-24 
330.0 3.36815317342454e-24 
331.0 3.368974270750783e-24 
332.0 3.3698138536080784e-24 
333.0 3.3706685354692195e-24 
334.0 3.371534987736713e-24 
335.0 3.3724140702381105e-24 
336.0 3.373312365095655e-24 
337.0 3.374236866463939e-24 
338.0 3.375190826454525e-24 
339.0 3.376163731880563e-24 
340.0 3.377141905139439e-24 
341.0 3.378112999492985e-24 
342.0 3.3790816542153634e-24 
343.0 3.380064232244898e-24 
344.0 3.38107727154295e-24 
345.0 3.382127756271288e-24 
346.0 3.38320254915934e-24 
347.0 3.3842859663522775e-24 
348.0 3.3853644272667796e-24 
349.0 3.38644173392938e-24 
350.0 3.3875302615908676e-24 
351.0 3.388642371212521e-24 
352.0 3.389783338766535e-24 
353.0 3.390945619099571e-24 
354.0 3.392120317096007e-24 
355.0 3.393299551179208e-24 
356.0 3.394484231360819e-24 
357.0 3.395679781719227e-24 
358.0 3.3968916519031295e-24 
359.0 3.3981225740241054e-24 
360.0 3.399369057587711e-24 
361.0 3.4006267448652865e-24 
362.0 3.401891659201059e-24 
363.0 3.403165646879478e-24 
364.0 3.404455099377896e-24 
365.0 3.405766528770507e-24 
366.0 3.407104155291106e-24 
367.0 3.408461940218594e-24 
368.0 3.409830975463282e-24 
369.0 3.4112024235051574e-24 
370.0 3.412573200132227e-24 
371.0 3.413950136984006e-24 
372.0 3.415341047054763e-24 
373.0 3.4167532208954424e-24 
374.0 3.418185757384561e-24 
375.0 3.419631252304855e-24 
376.0 3.421082122362376e-24 
377.0 3.422532374684952e-24 
378.0 3.423986194198017e-24 
379.0 3.425451776301814e-24 
380.0 3.4269373254002886e-24 
381.0 3.4284479673778185e-24 
382.0 3.429978689308097e-24 
383.0 3.431522394056748e-24 
384.0 3.433072012828263e-24 
385.0 3.434624022202059e-24 
386.0 3.4361818478984934e-24 
387.0 3.437749722983403e-24 
388.0 3.4393318339413356e-24 
389.0 3.440930443251178e-24 
390.0 3.442545246532112e-24 
391.0 3.4441757608925614e-24 
392.0 3.4458214511430986e-24 
393.0 3.4474805466030616e-24 
394.0 3.449150022690023e-24 
395.0 3.450826798841359e-24 
396.0 3.452507995056109e-24 
397.0 3.454194270285791e-24 
398.0 3.455889312124623e-24 
399.0 3.45759690589013e-24 
400.0 3.459320667888589e-24 
401.0 3.461061533187561e-24 
402.0 3.462818292038705e-24 
403.0 3.464589674645616e-24 
404.0 3.466374354684526e-24 
405.0 3.4681700554896336e-24 
406.0 3.469973711380514e-24 
407.0 3.471782232765337e-24 
408.0 3.473592675043682e-24 
409.0 3.475405181057418e-24 
410.0 3.4772228496172675e-24 
411.0 3.479048898215079e-24 
412.0 3.480886519096579e-24 
413.0 3.482738036634264e-24 
414.0 3.484604709428631e-24 
415.0 3.486487730730056e-24 
416.0 3.488388271415547e-24 
417.0 3.4903055406322234e-24 
418.0 3.492235284298606e-24 
419.0 3.49417289490047e-24 
420.0 3.496113766868152e-24 
421.0 3.498055441831045e-24 
422.0 3.5000017128821746e-24 
423.0 3.501957504559153e-24 
424.0 3.503927741399594e-24 
425.0 3.5059162097272164e-24 
426.0 3.507920289187603e-24 
427.0 3.509935119701952e-24 
428.0 3.5119558388359905e-24 
429.0 3.513977898961445e-24 
430.0 3.5160010334557254e-24 
431.0 3.518028064537658e-24 
432.0 3.520061882808115e-24 
433.0 3.522105367103978e-24 
434.0 3.524160613606896e-24 
435.0 3.5262284590227e-24 
436.0 3.528309626109534e-24 
437.0 3.5304048376255476e-24 
438.0 3.532514394745939e-24 
439.0 3.5346367579035944e-24 
440.0 3.5367698852728364e-24 
441.0 3.538911735016524e-24 
442.0 3.5410603808025275e-24 
443.0 3.5432157801062414e-24 
444.0 3.5453794244544205e-24 
445.0 3.547552850001322e-24 
446.0 3.5497375907735956e-24 
447.0 3.551934087318929e-24 
448.0 3.5541399057016405e-24 
449.0 3.556352145295208e-24 
450.0 3.5585679054731136e-24 
451.0 3.560784663160203e-24 
452.0 3.5630043712369244e-24 
453.0 3.565231912113522e-24 
454.0 3.567472218939303e-24 
455.0 3.569730220047647e-24 
456.0 3.572008018354922e-24 
457.0 3.574300139990113e-24 
458.0 3.576599854266932e-24 
459.0 3.5789004304990916e-24 
460.0 3.581195582658e-24 
461.0 3.583486733220028e-24 
462.0 3.585781829323817e-24 
463.0 3.588089023931839e-24 
464.0 3.590416470006569e-24 
465.0 3.592770020509807e-24 
466.0 3.5951447215504305e-24 
467.0 3.5975324480329066e-24 
468.0 3.5999250744446166e-24 
469.0 3.602314532313644e-24 
470.0 3.604697857201965e-24 
471.0 3.607081153178212e-24 
472.0 3.609471457325216e-24 
473.0 3.611875806725808e-24 
474.0 3.614300849987096e-24 
475.0 3.616746724052919e-24 
476.0 3.619208169795447e-24 
477.0 3.621679765202405e-24 
478.0 3.62415608826151e-24 
479.0 3.626632978224741e-24 
480.0 3.629115191099188e-24 
481.0 3.6316113263362895e-24 
482.0 3.634129998468068e-24 
483.0 3.6366798220253835e-24 
484.0 3.639267117582719e-24 
485.0 3.6418892485451894e-24 
486.0 3.644541392393099e-24 
487.0 3.647218726606758e-24 
488.0 3.6499165485099504e-24 
489.0 3.652680197576908e-24 
490.0 3.6556822358173605e-24 
491.0 3.659115144065335e-24 
492.0 3.663171403154863e-24 
493.0 3.6680413006309316e-24 
494.0 3.673652245373513e-24 
495.0 3.67942244089013e-24 
496.0 3.684711773391797e-24 
497.0 3.688880129089533e-24 
498.0 3.6912935132562705e-24 
499.0 3.691796188373321e-24 
500.0 3.691045835191799e-24 
501.0 3.689779271489462e-24 
502.0 3.688733315044075e-24 
503.0 3.688640022190969e-24 
504.0 3.689853241828241e-24 
505.0 3.6920801209976545e-24 
506.0 3.69496445322588e-24 
507.0 3.698150032039589e-24 
508.0 3.701281726417936e-24 
509.0 3.7041418961769584e-24 
510.0 3.706783982477536e-24 
511.0 3.709293145297715e-24 
512.0 3.7117545446155384e-24 
513.0 3.714253288061943e-24 
514.0 3.716847205374175e-24 
515.0 3.719522266772704e-24 
516.0 3.72225274878895e-24 
517.0 3.725012927954337e-24 
518.0 3.727777080800286e-24 
519.0 3.7305247345558476e-24 
520.0 3.733257242822611e-24 
521.0 3.73598162970077e-24 
522.0 3.738704919302021e-24 
523.0 3.7414341357380605e-24 
524.0 3.7441756480317794e-24 
525.0 3.746930678036726e-24 
526.0 3.749698015351418e-24 
527.0 3.752476435145837e-24 
528.0 3.755264712589967e-24 
529.0 3.7580616406422284e-24 
530.0 3.760866381007654e-24 
531.0 3.7636784430051586e-24 
532.0 3.766497349510928e-24 
533.0 3.769322623401154e-24 
534.0 3.77215378872321e-24 
535.0 3.774990585376122e-24 
536.0 3.777833219819617e-24 
537.0 3.780681959376169e-24 
538.0 3.7835370713682536e-24 
539.0 3.786398823118345e-24 
540.0 3.789267401578287e-24 
541.0 3.7921424812656025e-24 
542.0 3.7950235354577656e-24 
543.0 3.797910036954908e-24 
544.0 3.800801458557156e-24 
545.0 3.803697283503483e-24 
546.0 3.80659734081511e-24 
547.0 3.809501876761165e-24 
548.0 3.8124111625010776e-24 
549.0 3.815325469194278e-24 
550.0 3.8182450680001965e-24 
551.0 3.821170281738253e-24 
552.0 3.824101669736712e-24 
553.0 3.827039858967049e-24 
554.0 3.829985476406124e-24 
555.0 3.832939149030799e-24 
556.0 3.835901476682587e-24 
557.0 3.838872154994388e-24 
558.0 3.841849785417898e-24 
559.0 3.844832903841292e-24 
560.0 3.847820046152739e-24 
561.0 3.850809748240413e-24 
562.0 3.8538008834671895e-24 
563.0 3.856794498931231e-24 
564.0 3.85979250338001e-24 
565.0 3.8627968077208234e-24 
566.0 3.865809322860963e-24 
567.0 3.8688319534179486e-24 
568.0 3.871865331182706e-24 
569.0 3.874907277303058e-24 
570.0 3.877955237113258e-24 
571.0 3.8810066559475585e-24 
572.0 3.8840589791402126e-24 
573.0 3.8871097744921194e-24 
574.0 3.890159332409686e-24 
575.0 3.893210614616425e-24 
576.0 3.8962666950436476e-24 
577.0 3.899330647622662e-24 
578.0 3.902405546284778e-24 
579.0 3.9054940400431184e-24 
580.0 3.9085951241202825e-24 
581.0 3.911705931152697e-24 
582.0 3.9148235789337065e-24 
583.0 3.917945185256655e-24 
584.0 3.9210678679148864e-24 
585.0 3.924189363119282e-24 
586.0 3.927310350371538e-24 
587.0 3.9304323838704784e-24 
588.0 3.933557017957927e-24 
589.0 3.936685806975711e-24 
590.0 3.939820305150187e-24 
591.0 3.942961690313589e-24 
592.0 3.9461099268955575e-24 
593.0 3.9492647352776545e-24 
594.0 3.952425835841443e-24 
595.0 3.9555929489684864e-24 
596.0 3.958765794942434e-24 
597.0 3.961944044820928e-24 
598.0 3.965127240700569e-24 
599.0 3.968314903817549e-24 
600.0 3.971506555408065e-24 
601.0 3.974701716708305e-24 
602.0 3.9778999094819035e-24 
603.0 3.981100871763152e-24 
604.0 3.9843048897330875e-24 
605.0 3.9875123351079035e-24 
606.0 3.990723579603794e-24 
607.0 3.993938994936951e-24 
608.0 3.9971589529145115e-24 
609.0 4.000383927443302e-24 
610.0 4.003614690252815e-24 
611.0 4.006852067082386e-24 
612.0 4.0100968836713465e-24 
613.0 4.013349965759026e-24 
614.0 4.0166121390847576e-24 
615.0 4.0198837355089095e-24 
616.0 4.0231630928580865e-24 
617.0 4.026448045777655e-24 
618.0 4.029736428912971e-24 
619.0 4.033026076909386e-24 
620.0 4.036314824412254e-24 
621.0 4.0396009029246285e-24 
622.0 4.0428852435218726e-24 
623.0 4.046169901563131e-24 
624.0 4.049456936113403e-24 
625.0 4.052748406237693e-24 
626.0 4.056046371001002e-24 
627.0 4.059352779738503e-24 
628.0 4.062667894856919e-24 
629.0 4.0659906567312676e-24 
630.0 4.069319970347912e-24 
631.0 4.072654740693206e-24 
632.0 4.0759938727535185e-24 
633.0 4.079336277129096e-24 
634.0 4.082681306925735e-24 
635.0 4.086029069977082e-24 
636.0 4.0893797478109544e-24 
637.0 4.092733521955168e-24 
638.0 4.09609057393754e-24 
639.0 4.099451085285885e-24 
640.0 4.102815279098041e-24 
641.0 4.106183578258139e-24 
642.0 4.109556465595639e-24 
643.0 4.112934423951437e-24 
644.0 4.116317936166426e-24 
645.0 4.119707485081503e-24 
646.0 4.123103523027881e-24 
647.0 4.1265058514518456e-24 
648.0 4.129913647964533e-24 
649.0 4.133326065080414e-24 
650.0 4.1367422553139565e-24 
651.0 4.140161371179631e-24 
652.0 4.1435825651979596e-24 
653.0 4.147005258813258e-24 
654.0 4.1504298594695324e-24 
655.0 4.153857000528082e-24 
656.0 4.15728731535021e-24 
657.0 4.160721437297218e-24 
658.0 4.164159999730408e-24 
659.0 4.167603618023047e-24 
660.0 4.1710524446454856e-24 
661.0 4.174506140074286e-24 
662.0 4.177964340973024e-24 
663.0 4.1814266840052794e-24 
664.0 4.184892805834627e-24 
665.0 4.188362343124648e-24 
666.0 4.191834965348089e-24 
667.0 4.195310543682733e-24 
668.0 4.198789025904487e-24 
669.0 4.202270359936635e-24 
670.0 4.205754493702464e-24 
671.0 4.2092413751252584e-24 
672.0 4.212730952484284e-24 
673.0 4.216223282653084e-24 
674.0 4.219718683529874e-24 
675.0 4.223217511430357e-24 
676.0 4.2267201226702286e-24 
677.0 4.230226873565194e-24 
678.0 4.233738120430946e-24 
679.0 4.2372542095215474e-24 
680.0 4.2407751416128475e-24 
681.0 4.2443004934576214e-24 
682.0 4.2478298158310865e-24 
683.0 4.251362659508452e-24 
684.0 4.2548985752649294e-24 
685.0 4.258437113875735e-24 
686.0 4.261977871289956e-24 
687.0 4.265521114623121e-24 
688.0 4.269067625227901e-24 
689.0 4.2726181975454344e-24 
690.0 4.276173626016867e-24 
691.0 4.27973470508334e-24 
692.0 4.283302229185998e-24 
693.0 4.28687686048615e-24 
694.0 4.29045795774204e-24 
695.0 4.294044138175981e-24 
696.0 4.2976340104360434e-24 
697.0 4.3012261831702994e-24 
698.0 4.30481926502682e-24 
699.0 4.3084118646536816e-24 
700.0 4.312002805990317e-24 
701.0 4.3155927508029116e-24 
702.0 4.319183292094809e-24 
703.0 4.3227760301275905e-24 
704.0 4.326372565162835e-24 
705.0 4.329974497462125e-24 
706.0 4.333583427287043e-24 
707.0 4.337200759788491e-24 
708.0 4.340826073223227e-24 
709.0 4.344457947696589e-24 
710.0 4.348094953185234e-24 
711.0 4.351735659665816e-24 
712.0 4.355378637114987e-24 
713.0 4.359022455509405e-24 
714.0 4.362665778786061e-24 
715.0 4.3663085216480944e-24 
716.0 4.369951487984712e-24 
717.0 4.373595500679874e-24 
718.0 4.3772413826175386e-24 
719.0 4.3808899566816715e-24 
720.0 4.384542045756232e-24 
721.0 4.388198453338603e-24 
722.0 4.391859442473612e-24 
723.0 4.3955246773312116e-24 
724.0 4.399193790971707e-24 
725.0 4.4028664164554026e-24 
726.0 4.406542186842604e-24 
727.0 4.410220735193616e-24 
728.0 4.4139016954835235e-24 
729.0 4.417584855557519e-24 
730.0 4.4212703287106974e-24 
731.0 4.4249582696330986e-24 
732.0 4.428648833014763e-24 
733.0 4.4323421735457285e-24 
734.0 4.436038445916037e-24 
735.0 4.439737804815725e-24 
736.0 4.443440409735633e-24 
737.0 4.447146445754974e-24 
738.0 4.450856106444135e-24 
739.0 4.454569585379091e-24 
740.0 4.458287076135816e-24 
741.0 4.462008772290289e-24 
742.0 4.465734867418484e-24 
743.0 4.4694655360032535e-24 
744.0 4.4732005465132766e-24 
745.0 4.4769392789966485e-24 
746.0 4.480681097929223e-24 
747.0 4.484425367786856e-24 
748.0 4.4881714530454034e-24 
749.0 4.491918718180718e-24 
750.0 4.4956665277048386e-24 
751.0 4.4994145026644626e-24 
752.0 4.503163134876057e-24 
753.0 4.506913100738537e-24 
754.0 4.5106650766508146e-24 
755.0 4.5144197390118056e-24 
756.0 4.518177764220426e-24 
757.0 4.521939828675591e-24 
758.0 4.525706579153364e-24 
759.0 4.5294780349283996e-24 
760.0 4.5332536162951275e-24 
761.0 4.537032719633228e-24 
762.0 4.5408147413223774e-24 
763.0 4.5445990777422585e-24 
764.0 4.548385125272549e-24 
765.0 4.552172280292927e-24 
766.0 4.555960091921719e-24 
767.0 4.559748922882107e-24 
768.0 4.563539405723204e-24 
769.0 4.567332173170738e-24 
770.0 4.5711278579504346e-24 
771.0 4.574927092788019e-24 
772.0 4.578730510409219e-24 
773.0 4.582538741834736e-24 
774.0 4.5863521195477344e-24 
775.0 4.590170338487174e-24 
776.0 4.593993011583646e-24 
777.0 4.597819751767739e-24 
778.0 4.601650171970046e-24 
779.0 4.605483885121155e-24 
780.0 4.60932050415166e-24 
781.0 4.613159641684331e-24 
782.0 4.6170009012303845e-24 
783.0 4.620843875893494e-24 
784.0 4.624688158208886e-24 
785.0 4.628533340711784e-24 
786.0 4.632379015937412e-24 
787.0 4.636224776420995e-24 
788.0 4.640070214697761e-24 
789.0 4.643914976771954e-24 
790.0 4.647759494925666e-24 
791.0 4.6516047997494035e-24 
792.0 4.655451936826986e-24 
793.0 4.659301951742238e-24 
794.0 4.6631558900789804e-24 
795.0 4.667014797421038e-24 
796.0 4.670879719352232e-24 
797.0 4.674751583635522e-24 
798.0 4.678630016723575e-24 
799.0 4.682513836872622e-24 
800.0 4.686401850210238e-24 
801.0 4.690292862863998e-24 
802.0 4.6941856809614786e-24 
803.0 4.698079110630256e-24 
804.0 4.701971957997906e-24 
805.0 4.705863135260706e-24 
806.0 4.709752739356345e-24 
807.0 4.713641609241826e-24 
808.0 4.71753059527554e-24 
809.0 4.721420547815874e-24 
810.0 4.725312317221215e-24 
811.0 4.729206753849951e-24 
812.0 4.7331047080604695e-24 
813.0 4.737006983844696e-24 
814.0 4.740913675139572e-24 
815.0 4.744824320834871e-24 
816.0 4.748738445046154e-24 
817.0 4.752655571888986e-24 
818.0 4.756575225478928e-24 
819.0 4.760496929931545e-24 
820.0 4.7644202093623996e-24 
821.0 4.76834460112719e-24 
822.0 4.772270078107527e-24 
823.0 4.776197136978767e-24 
824.0 4.780126305498645e-24 
825.0 4.784058111424895e-24 
826.0 4.787993082515254e-24 
827.0 4.7919317465274574e-24 
828.0 4.795874631219239e-24 
829.0 4.799822263009908e-24 
830.0 4.803774809530822e-24 
831.0 4.807731597480631e-24 
832.0 4.8116918332326304e-24 
833.0 4.815654723160112e-24 
834.0 4.819619473636369e-24 
835.0 4.823585291034694e-24 
836.0 4.827551381728379e-24 
837.0 4.83151695209072e-24 
838.0 4.835481349417143e-24 
839.0 4.8394448026910426e-24 
840.0 4.843407881187576e-24 
841.0 4.847371154907816e-24 
842.0 4.851335193852837e-24 
843.0 4.855300568023715e-24 
844.0 4.859267847421525e-24 
845.0 4.863237602047339e-24 
846.0 4.8672103927624404e-24 
847.0 4.871186495481242e-24 
848.0 4.875165852190726e-24 
849.0 4.8791483858646464e-24 
850.0 4.8831340194767566e-24 
851.0 4.887122676000807e-24 
852.0 4.891114278410548e-24 
853.0 4.895108749679734e-24 
854.0 4.899106012782116e-24 
855.0 4.9031059592571626e-24 
856.0 4.907108330615846e-24 
857.0 4.911112823659832e-24 
858.0 4.9151191351831356e-24 
859.0 4.9191269619797725e-24 
860.0 4.923136000843761e-24 
861.0 4.927145948569116e-24 
862.0 4.931156501949854e-24 
863.0 4.935167365103962e-24 
864.0 4.9391786131051004e-24 
865.0 4.943190859748466e-24 
866.0 4.947204761177604e-24 
867.0 4.951220973536067e-24 
868.0 4.955240152967398e-24 
869.0 4.959262955615151e-24 
870.0 4.963290037622869e-24 
871.0 4.967322055134102e-24 
872.0 4.971359575429332e-24 
873.0 4.9754022091927105e-24 
874.0 4.9794489844067865e-24 
875.0 4.983498920779413e-24 
876.0 4.987551038018444e-24 
877.0 4.991604355831731e-24 
878.0 4.9956578939271276e-24 
879.0 4.999710672012487e-24 
880.0 5.003761709795661e-24 
881.0 5.007810288510887e-24 
882.0 5.011856975726505e-24 
883.0 5.015902733835618e-24 
884.0 5.019948525336423e-24 
885.0 5.023995312727112e-24 
886.0 5.0280440585058736e-24 
887.0 5.0320957251709004e-24 
888.0 5.036151275220385e-24 
889.0 5.040211670971078e-24 
890.0 5.044277515212481e-24 
891.0 5.048348299084012e-24 
892.0 5.0524232995338944e-24 
893.0 5.056501793510359e-24 
894.0 5.060583057961628e-24 
895.0 5.06466636983593e-24 
896.0 5.06875100608149e-24 
897.0 5.0728362436465345e-24 
898.0 5.0769213601556004e-24 
899.0 5.081005921401379e-24 
900.0 5.08509022826613e-24 
901.0 5.089174697147561e-24 
902.0 5.093259744443378e-24 
903.0 5.097345786551282e-24 
904.0 5.101433239868987e-24 
905.0 5.105522520794192e-24 
906.0 5.109614045724607e-24 
907.0 5.113708230848822e-24 
908.0 5.1178053535552514e-24 
909.0 5.121905312382526e-24 
910.0 5.126007941826741e-24 
911.0 5.1301130763839906e-24 
912.0 5.134220550550367e-24 
913.0 5.138330198821967e-24 
914.0 5.142441855694881e-24 
915.0 5.146555355665206e-24 
916.0 5.150670533229058e-24 
917.0 5.1547872296825195e-24 
918.0 5.158905312325784e-24 
919.0 5.163024654674157e-24 
920.0 5.1671451302429445e-24 
921.0 5.171266612547453e-24 
922.0 5.1753889751029884e-24 
923.0 5.179512091424858e-24 
924.0 5.1836358350283684e-24 
925.0 5.1877600794288234e-24 
926.0 5.1918847205403215e-24 
927.0 5.19600981501912e-24 
928.0 5.2001354897306784e-24 
929.0 5.2042618718341404e-24 
930.0 5.208389088488652e-24 
931.0 5.212517266853358e-24 
932.0 5.2166465340874005e-24 
933.0 5.220777017349927e-24 
934.0 5.2249088438000795e-24 
935.0 5.2290421536719396e-24 
936.0 5.2331773731123285e-24 
937.0 5.237315206186925e-24 
938.0 5.2414563684371635e-24 
939.0 5.245601575404475e-24 
940.0 5.249751542630292e-24 
941.0 5.2539069856560484e-24 
942.0 5.258068620023176e-24 
943.0 5.2622371612731084e-24 
944.0 5.2664133237527666e-24 
945.0 5.270596835392311e-24 
946.0 5.274784651778787e-24 
947.0 5.2789732450414136e-24 
948.0 5.2831590873094114e-24 
949.0 5.2873386507120015e-24 
950.0 5.291508407378408e-24 
951.0 5.295664829437846e-24 
952.0 5.29980438901954e-24 
953.0 5.303923558252712e-24 
954.0 5.308019526846253e-24 
955.0 5.3120989368878735e-24 
956.0 5.316175101182959e-24 
957.0 5.3202614725116584e-24 
958.0 5.324371503654123e-24 
959.0 5.328518647390504e-24 
960.0 5.332716356500955e-24 
961.0 5.336978083765626e-24 
962.0 5.341317281964665e-24 
963.0 5.345747402435976e-24 
964.0 5.350269578824119e-24 
965.0 5.354842700329112e-24 
966.0 5.3594166071672786e-24 
967.0 5.363941139554953e-24 
968.0 5.368366137708464e-24 
969.0 5.372641441844142e-24 
970.0 5.376716892178321e-24 
971.0 5.380542328927325e-24 
972.0 5.384067592307491e-24 
973.0 5.387244564927113e-24 
974.0 5.3901184438766696e-24 
975.0 5.392864373240634e-24 
976.0 5.3956671187866046e-24 
977.0 5.398711446282192e-24 
978.0 5.402182121495e-24 
979.0 5.406263910192636e-24 
980.0 5.411141578142703e-24 
981.0 5.416999891112811e-24 
982.0 5.424023614870563e-24 
983.0 5.432377723543106e-24 
984.0 5.441929377817261e-24 
985.0 5.452315622915825e-24 
986.0 5.46316753491552e-24 
987.0 5.4741161898930654e-24 
988.0 5.484792663925184e-24 
989.0 5.494828033088598e-24 
990.0 5.503853373460029e-24 
991.0 5.511499761116197e-24 
992.0 5.517398272133826e-24 
993.0 5.521226451468344e-24 
994.0 5.523101463573469e-24 
995.0 5.523382655506232e-24 
996.0 5.5224318996407745e-24 
997.0 5.520611068351243e-24 
998.0 5.518282034011777e-24 
999.0 5.51580666899652e-24 
1000.0 5.513546845679613e-24 
1001.0 5.511864436435201e-24 
1002.0 5.5111213136374246e-24 
1003.0 5.5116412089741894e-24 
1004.0 5.513418971784818e-24 
1005.0 5.5162814099349054e-24 
1006.0 5.520053980788558e-24 
1007.0 5.524562141709868e-24 
1008.0 5.529631350062942e-24 
1009.0 5.5350870632118766e-24 
1010.0 5.540754738520775e-24 
1011.0 5.546459833353733e-24 
1012.0 5.552027805074853e-24 
1013.0 5.557295689792846e-24 
1014.0 5.5622288160124305e-24 
1015.0 5.566872380358838e-24 
1016.0 5.5712727861166206e-24 
1017.0 5.575476436570337e-24 
1018.0 5.579529735004535e-24 
1019.0 5.583479084703769e-24 
1020.0 5.5873708889525956e-24 
1021.0 5.591251551035565e-24 
1022.0 5.595167474237232e-24 
1023.0 5.5991637690098044e-24 
1024.0 5.6032566319562874e-24 
1025.0 5.607433794876302e-24 
1026.0 5.611681786553191e-24 
1027.0 5.6159871357702964e-24 
1028.0 5.6203363713109565e-24 
1029.0 5.624716021958517e-24 
1030.0 5.629112616496316e-24 
1031.0 5.633512683707697e-24 
1032.0 5.637902752376002e-24 
1033.0 5.6422693874852454e-24 
1034.0 5.646604557645757e-24 
1035.0 5.650911327248416e-24 
1036.0 5.655194123625274e-24 
1037.0 5.6594573741083744e-24 
1038.0 5.663705506029769e-24 
1039.0 5.6679429467215055e-24 
1040.0 5.672174123515633e-24 
1041.0 5.676403463744198e-24 
1042.0 5.680635394739253e-24 
1043.0 5.684874343832842e-24 
1044.0 5.689124183956031e-24 
1045.0 5.693385293042667e-24 
1046.0 5.6976566906846866e-24 
1047.0 5.7019373934486985e-24 
1048.0 5.706226417901306e-24 
1049.0 5.710522780609118e-24 
1050.0 5.71482549813874e-24 
1051.0 5.7191335870567795e-24 
1052.0 5.723446063929845e-24 
1053.0 5.727761945324538e-24 
1054.0 5.732080253471411e-24 
1055.0 5.736400281700797e-24 
1056.0 5.740721708172589e-24 
1057.0 5.7450442403352405e-24 
1058.0 5.749367585637203e-24 
1059.0 5.753691451526933e-24 
1060.0 5.758015545452882e-24 
1061.0 5.762339574863505e-24 
1062.0 5.7666632472072554e-24 
1063.0 5.770986269932585e-24 
1064.0 5.7753083504879486e-24 
1065.0 5.779629239432778e-24 
1066.0 5.7839490303466735e-24 
1067.0 5.788267980648689e-24 
1068.0 5.7925863487735056e-24 
1069.0 5.796904393155804e-24 
1070.0 5.801222372230268e-24 
1071.0 5.805540544431577e-24 
1072.0 5.809859168194414e-24 
1073.0 5.8141785019534626e-24 
1074.0 5.8184988041434004e-24 
1075.0 5.822820333180619e-24 
1076.0 5.827143304955782e-24 
1077.0 5.831467801983597e-24 
1078.0 5.8357938806995914e-24 
1079.0 5.840121597539297e-24 
1080.0 5.844451008938238e-24 
1081.0 5.848782171331944e-24 
1082.0 5.8531151411559434e-24 
1083.0 5.857449974845764e-24 
1084.0 5.861786728836936e-24 
1085.0 5.866125459564985e-24 
1086.0 5.870466222741757e-24 
1087.0 5.8748090069612744e-24 
1088.0 5.879153680228631e-24 
1089.0 5.883500097965956e-24 
1090.0 5.887848115595385e-24 
1091.0 5.892197588539053e-24 
1092.0 5.89654837221909e-24 
1093.0 5.900900322057631e-24 
1094.0 5.905253293476809e-24 
1095.0 5.909607141898757e-24 
1096.0 5.91396172274561e-24 
1097.0 5.9183168924504285e-24 
1098.0 5.922672555708228e-24 
1099.0 5.92702868564991e-24 
1100.0 5.931385260607017e-24 
1101.0 5.935742258911095e-24 
1102.0 5.940099658893684e-24 
1103.0 5.9444574388863285e-24 
1104.0 5.948815577220568e-24 
1105.0 5.953174052227949e-24 
1106.0 5.957532842240011e-24 
1107.0 5.961891925588297e-24 
1108.0 5.966251279327288e-24 
1109.0 5.9706108101939636e-24 
1110.0 5.974970319412501e-24 
1111.0 5.9793295995255236e-24 
1112.0 5.9836884430756586e-24 
1113.0 5.9880466426055274e-24 
1114.0 5.9924039906577525e-24 
1115.0 5.996760279774962e-24 
1116.0 6.001115302499776e-24 
1117.0 6.0054688513748226e-24 
1118.0 6.009820718942721e-24 
1119.0 6.01417069978328e-24 
1120.0 6.018518954833459e-24 
1121.0 6.022866432370855e-24 
1122.0 6.0272141826985104e-24 
1123.0 6.031563256119469e-24 
1124.0 6.0359147029367685e-24 
1125.0 6.040269573453457e-24 
1126.0 6.0446289179725706e-24 
1127.0 6.048993786797157e-24 
1128.0 6.053365230230255e-24 
1129.0 6.057744298574908e-24 
1130.0 6.0621320421341586e-24 
1131.0 6.066529129138411e-24 
1132.0 6.070934552505632e-24 
1133.0 6.075346846101844e-24 
1134.0 6.079764543781054e-24 
1135.0 6.084186179397266e-24 
1136.0 6.088610286804489e-24 
1137.0 6.093035399856723e-24 
1138.0 6.0974600524079795e-24 
1139.0 6.1018827783122604e-24 
1140.0 6.106302111423574e-24 
1141.0 6.1107165855959255e-24 
1142.0 6.115124822229564e-24 
1143.0 6.119526690442557e-24 
1144.0 6.123922988982392e-24 
1145.0 6.128314538792988e-24 
1146.0 6.132702160818271e-24 
1147.0 6.137086676002164e-24 
1148.0 6.141468905288593e-24 
1149.0 6.14584966962148e-24 
1150.0 6.150229789944749e-24 
1151.0 6.154610087202327e-24 
1152.0 6.1589913823381335e-24 
1153.0 6.163374495922337e-24 
1154.0 6.167760053065796e-24 
1155.0 6.1721481636897314e-24 
1156.0 6.176538853829166e-24 
1157.0 6.180932149519128e-24 
1158.0 6.1853280767946405e-24 
1159.0 6.189726661690726e-24 
1160.0 6.1941279302424125e-24 
1161.0 6.198531908484722e-24 
1162.0 6.2029386224526824e-24 
1163.0 6.207348098181316e-24 
1164.0 6.211760361705649e-24 
1165.0 6.216175422492082e-24 
1166.0 6.22059299161104e-24 
1167.0 6.2250125215178166e-24 
1168.0 6.229433456106355e-24 
1169.0 6.2338552392705994e-24 
1170.0 6.2382773149044946e-24 
1171.0 6.242699126901983e-24 
1172.0 6.2471201191570056e-24 
1173.0 6.251539735563511e-24 
1174.0 6.2559574200154385e-24 
1175.0 6.260372616406734e-24 
1176.0 6.264784768631339e-24 
1177.0 6.2691934894614766e-24 
1178.0 6.273599450670829e-24 
1179.0 6.2780037336165236e-24 
1180.0 6.282407420540888e-24 
1181.0 6.286811593686243e-24 
1182.0 6.291217335294919e-24 
1183.0 6.295625727609239e-24 
1184.0 6.300037852871526e-24 
1185.0 6.3044547933241054e-24 
1186.0 6.308877631209303e-24 
1187.0 6.313307448769446e-24 
1188.0 6.317745328235722e-24 
1189.0 6.322191960918255e-24 
1190.0 6.326646615293384e-24 
1191.0 6.331108236221643e-24 
1192.0 6.335575768563563e-24 
1193.0 6.3400481571796716e-24 
1194.0 6.3445243469305026e-24 
1195.0 6.349003282676585e-24 
1196.0 6.3534839092784514e-24 
1197.0 6.357965171596631e-24 
1198.0 6.362446014491656e-24 
1199.0 6.366925382824057e-24 
1200.0 6.371402221576752e-24 
1201.0 6.375875678690725e-24 
1202.0 6.380345519115507e-24 
1203.0 6.384811624620469e-24 
1204.0 6.3892738769749905e-24 
1205.0 6.393732157948444e-24 
1206.0 6.3981863493102045e-24 
1207.0 6.402636332829645e-24 
1208.0 6.4070819902761454e-24 
1209.0 6.4115232034190744e-24 
1210.0 6.4159598540278136e-24 
1211.0 6.420391823871732e-24 
1212.0 6.4248189947278294e-24 
1213.0 6.4292414842245204e-24 
1214.0 6.4336602648319346e-24 
1215.0 6.438076502632954e-24 
1216.0 6.442491363710455e-24 
1217.0 6.446906014147318e-24 
1218.0 6.451321620026423e-24 
1219.0 6.4557393474306484e-24 
1220.0 6.4601603624428744e-24 
1221.0 6.464585831145978e-24 
1222.0 6.469016919622841e-24 
1223.0 6.473454793956341e-24 
1224.0 6.4779006202293565e-24 
1225.0 6.482355338465534e-24 
1226.0 6.4868184733220245e-24 
1227.0 6.491289002827871e-24 
1228.0 6.4957659038412376e-24 
1229.0 6.500248153220277e-24 
1230.0 6.504734727823153e-24 
1231.0 6.50922460450802e-24 
1232.0 6.513716760133036e-24 
1233.0 6.518210171556361e-24 
1234.0 6.5227038156361544e-24 
1235.0 6.527196669230571e-24 
1236.0 6.531687709197771e-24 
1237.0 6.5361759465352406e-24 
1238.0 6.540661020880743e-24 
1239.0 6.54514312416355e-24 
1240.0 6.5496224671021984e-24 
1241.0 6.554099260415229e-24 
1242.0 6.558573714821173e-24 
1243.0 6.563046041038576e-24 
1244.0 6.567516449785976e-24 
1245.0 6.5719851517819075e-24 
1246.0 6.576452357744913e-24 
1247.0 6.5809182783935275e-24 
1248.0 6.5853831244462926e-24 
1249.0 6.58984710670182e-24 
1250.0 6.594310496582737e-24 
1251.0 6.598773733974633e-24 
1252.0 6.603237287789479e-24 
1253.0 6.60770162693924e-24 
1254.0 6.612167220335881e-24 
1255.0 6.6166345368913644e-24 
1256.0 6.62110404551766e-24 
1257.0 6.625576215126732e-24 
1258.0 6.630051514630547e-24 
1259.0 6.634530412941068e-24 
1260.0 6.639013378970264e-24 
1261.0 6.643500881630096e-24 
1262.0 6.64799335289613e-24 
1263.0 6.652490604767505e-24 
1264.0 6.656991935038136e-24 
1265.0 6.661496625952085e-24 
1266.0 6.666003959753408e-24 
1267.0 6.670513218686174e-24 
1268.0 6.675023684994438e-24 
1269.0 6.679534640922262e-24 
1270.0 6.684045368713708e-24 
1271.0 6.688555150612833e-24 
1272.0 6.693063268863703e-24 
1273.0 6.697569005710377e-24 
1274.0 6.702071643396912e-24 
1275.0 6.706570609122924e-24 
1276.0 6.711066128624387e-24 
1277.0 6.715558701136233e-24 
1278.0 6.720048826135009e-24 
1279.0 6.724537003097264e-24 
1280.0 6.72902373149955e-24 
1281.0 6.733509510818417e-24 
1282.0 6.737994840530412e-24 
1283.0 6.742480220112088e-24 
1284.0 6.746966149039991e-24 
1285.0 6.751453126790676e-24 
1286.0 6.755941652840687e-24 
1287.0 6.760432226615584e-24 
1288.0 6.764925254611773e-24 
1289.0 6.769420858229564e-24 
1290.0 6.773919104379737e-24 
1291.0 6.778420059973076e-24 
1292.0 6.782923791920361e-24 
1293.0 6.787430367132375e-24 
1294.0 6.791939852519898e-24 
1295.0 6.796452314993717e-24 
1296.0 6.800967821464607e-24 
1297.0 6.805486438843358e-24 
1298.0 6.810008234040745e-24 
1299.0 6.814533273967555e-24 
1300.0 6.819061625145303e-24 
1301.0 6.823593195664844e-24 
1302.0 6.828127492572834e-24 
1303.0 6.832663960421284e-24 
1304.0 6.83720204376222e-24 
1305.0 6.841741187147651e-24 
1306.0 6.846280835129598e-24 
1307.0 6.850820432260072e-24 
1308.0 6.85535942309109e-24 
1309.0 6.859897252174673e-24 
1310.0 6.864433364062832e-24 
1311.0 6.868967203307583e-24 
1312.0 6.873498214460947e-24 
1313.0 6.8780258422026e-24 
1314.0 6.882549746119685e-24 
1315.0 6.887070240094715e-24 
1316.0 6.891587762078335e-24 
1317.0 6.896102750021192e-24 
1318.0 6.900615641873932e-24 
1319.0 6.905126875587201e-24 
1320.0 6.909636889111652e-24 
1321.0 6.914146120397927e-24 
1322.0 6.918655007396676e-24 
1323.0 6.923163988058541e-24 
1324.0 6.927673500334177e-24 
1325.0 6.93218398217422e-24 
1326.0 6.936695871529327e-24 
1327.0 6.941209547023496e-24 
1328.0 6.945725063245198e-24 
1329.0 6.9502423647047e-24 
1330.0 6.954761395821859e-24 
1331.0 6.959282101016529e-24 
1332.0 6.963804424708572e-24 
1333.0 6.968328311317842e-24 
1334.0 6.9728537052642e-24 
1335.0 6.977380550967498e-24 
1336.0 6.981908792847597e-24 
1337.0 6.986438375324352e-24 
1338.0 6.990969242817622e-24 
1339.0 6.995501339747264e-24 
1340.0 7.000034615818834e-24 
1341.0 7.004569110344818e-24 
1342.0 7.009104937426017e-24 
1343.0 7.013642213454786e-24 
1344.0 7.018181054823504e-24 
1345.0 7.02272157792453e-24 
1346.0 7.027263899150237e-24 
1347.0 7.031808134892995e-24 
1348.0 7.036354401545167e-24 
1349.0 7.040902815499127e-24 
1350.0 7.045453493147242e-24 
1351.0 7.050006550881876e-24 
1352.0 7.054562105095402e-24 
1353.0 7.059120272051718e-24 
1354.0 7.063681028758003e-24 
1355.0 7.068243947645104e-24 
1356.0 7.072808528083477e-24 
1357.0 7.077374269443565e-24 
1358.0 7.081940671095826e-24 
1359.0 7.086507232410705e-24 
1360.0 7.091073452758656e-24 
1361.0 7.095638831510128e-24 
1362.0 7.100202868035575e-24 
1363.0 7.104765061705444e-24 
1364.0 7.10932491189019e-24 
1365.0 7.113881917960258e-24 
1366.0 7.118435579286103e-24 
1367.0 7.122985417000175e-24 
1368.0 7.12753142804416e-24 
1369.0 7.13207407182955e-24 
1370.0 7.136613826861258e-24 
1371.0 7.141151171644207e-24 
1372.0 7.145686584683321e-24 
1373.0 7.15022054448352e-24 
1374.0 7.154753529549725e-24 
1375.0 7.159286018386858e-24 
1376.0 7.163818489499838e-24 
1377.0 7.16835142139359e-24 
1378.0 7.172885292573035e-24 
1379.0 7.177420581543088e-24 
1380.0 7.181957766808675e-24 
1381.0 7.186497280464608e-24 
1382.0 7.191039185696756e-24 
1383.0 7.195583369632788e-24 
1384.0 7.200129718312702e-24 
1385.0 7.204678117776483e-24 
1386.0 7.209228454064126e-24 
1387.0 7.213780613215629e-24 
1388.0 7.218334481270978e-24 
1389.0 7.222889944270168e-24 
1390.0 7.22744688825319e-24 
1391.0 7.232005199260034e-24 
1392.0 7.236564763330697e-24 
1393.0 7.241125466505172e-24 
1394.0 7.245687194823443e-24 
1395.0 7.250249867145403e-24 
1396.0 7.254813576628763e-24 
1397.0 7.259378474068209e-24 
1398.0 7.263944710295079e-24 
1399.0 7.268512436140712e-24 
1400.0 7.273081802436447e-24 
1401.0 7.277652960013623e-24 
1402.0 7.282226059703577e-24 
1403.0 7.28680125233765e-24 
1404.0 7.29137868874718e-24 
1405.0 7.295958519763508e-24 
1406.0 7.300540896217971e-24 
1407.0 7.305125968941907e-24 
1408.0 7.309713888766658e-24 
1409.0 7.314304727340928e-24 
1410.0 7.318898121706832e-24 
1411.0 7.323493560574297e-24 
1412.0 7.328090532526211e-24 
1413.0 7.332688526145457e-24 
1414.0 7.337287030014926e-24 
1415.0 7.3418855327175e-24 
1416.0 7.346483522836068e-24 
1417.0 7.351080488953511e-24 
1418.0 7.35567591965272e-24 
1419.0 7.36026930351658e-24 
1420.0 7.364860129127978e-24 
1421.0 7.369447885069797e-24 
1422.0 7.374032059924926e-24 
1423.0 7.378612211695359e-24 
1424.0 7.383188515869358e-24 
1425.0 7.387761471594569e-24 
1426.0 7.392331580868985e-24 
1427.0 7.396899345690603e-24 
1428.0 7.40146526805742e-24 
1429.0 7.406029849967432e-24 
1430.0 7.410593593418631e-24 
1431.0 7.415157000409018e-24 
1432.0 7.419720572936586e-24 
1433.0 7.424284812999327e-24 
1434.0 7.428850222595245e-24 
1435.0 7.43341730372233e-24 
1436.0 7.43798655837858e-24 
1437.0 7.442558480143813e-24 
1438.0 7.447133313988282e-24 
1439.0 7.451711021238285e-24 
1440.0 7.456291547756851e-24 
1441.0 7.460874839407029e-24 
1442.0 7.46546084205185e-24 
1443.0 7.470049501554358e-24 
1444.0 7.474640763777588e-24 
1445.0 7.479234574584578e-24 
1446.0 7.483830879838366e-24 
1447.0 7.488429625401994e-24 
1448.0 7.493030757138494e-24 
1449.0 7.497634220910912e-24 
1450.0 7.502239962582281e-24 
1451.0 7.506847928015547e-24 
1452.0 7.511458005366362e-24 
1453.0 7.516069860121906e-24 
1454.0 7.520683104070767e-24 
1455.0 7.525297349001537e-24 
1456.0 7.529912206702808e-24 
1457.0 7.534527288963171e-24 
1458.0 7.539142207571217e-24 
1459.0 7.543756574315535e-24 
1460.0 7.54837000098472e-24 
1461.0 7.552982099367361e-24 
1462.0 7.557592481252049e-24 
1463.0 7.562200758427375e-24 
1464.0 7.56680654268193e-24 
1465.0 7.571409445804308e-24 
1466.0 7.576009091264536e-24 
1467.0 7.580605486912615e-24 
1468.0 7.585199102953303e-24 
1469.0 7.589790437034716e-24 
1470.0 7.594379986804964e-24 
1471.0 7.598968249912164e-24 
1472.0 7.60355572400443e-24 
1473.0 7.608142906729876e-24 
1474.0 7.612730295736613e-24 
1475.0 7.617318388672753e-24 
1476.0 7.621907683186415e-24 
1477.0 7.62649867692571e-24 
1478.0 7.63109186753875e-24 
1479.0 7.635687752673656e-24 
1480.0 7.640286829978532e-24 
1481.0 7.644889538108276e-24 
1482.0 7.649495706907438e-24 
1483.0 7.654104807152024e-24 
1484.0 7.658716304980886e-24 
1485.0 7.663329666532882e-24 
1486.0 7.66794435794686e-24 
1487.0 7.672559845361684e-24 
1488.0 7.677175594916202e-24 
1489.0 7.681791072749265e-24 
1490.0 7.686405744999734e-24 
1491.0 7.69101907780646e-24 
1492.0 7.695630537308296e-24 
1493.0 7.700239589644099e-24 
1494.0 7.704845700952722e-24 
1495.0 7.709448337373017e-24 
1496.0 7.714047072381786e-24 
1497.0 7.718642217148762e-24 
1498.0 7.723234392910605e-24 
1499.0 7.72782422197615e-24 
1500.0 7.732412326654222e-24 
1501.0 7.736999329253652e-24 
1502.0 7.741585852083272e-24 
1503.0 7.746172517451915e-24 
1504.0 7.750759947668404e-24 
1505.0 7.755348765041576e-24 
1506.0 7.759939591880255e-24 
1507.0 7.764533050493273e-24 
1508.0 7.769129763189466e-24 
1509.0 7.773730352277656e-24 
1510.0 7.778335440066677e-24 
1511.0 7.782945557582451e-24 
1512.0 7.78756055248051e-24 
1513.0 7.792179962676984e-24 
1514.0 7.796803324551459e-24 
1515.0 7.801430174483531e-24 
1516.0 7.806060048852793e-24 
1517.0 7.810692484038835e-24 
1518.0 7.815327016421251e-24 
1519.0 7.819963182379636e-24 
1520.0 7.82460051829358e-24 
1521.0 7.82923856054268e-24 
1522.0 7.833876845506526e-24 
1523.0 7.838514909564707e-24 
1524.0 7.843152289096821e-24 
1525.0 7.847788520482459e-24 
1526.0 7.852423163720788e-24 
1527.0 7.857056107957714e-24 
1528.0 7.86168748384994e-24 
1529.0 7.866317427618235e-24 
1530.0 7.870946075483371e-24 
1531.0 7.875573563666121e-24 
1532.0 7.880200028387256e-24 
1533.0 7.884825605867547e-24 
1534.0 7.889450432327768e-24 
1535.0 7.894074643988688e-24 
1536.0 7.89869837707108e-24 
1537.0 7.903321767795715e-24 
1538.0 7.907944952383367e-24 
1539.0 7.912568067054805e-24 
1540.0 7.917191248030803e-24 
1541.0 7.921814631212667e-24 
1542.0 7.926438325181091e-24 
1543.0 7.931062390666571e-24 
1544.0 7.935686883565463e-24 
1545.0 7.94031185977411e-24 
1546.0 7.944937375188874e-24 
1547.0 7.949563485706105e-24 
1548.0 7.954190247222159e-24 
1549.0 7.958817715633384e-24 
1550.0 7.96344594683614e-24 
1551.0 7.968074996726769e-24 
1552.0 7.972704921201635e-24 
1553.0 7.977335776157088e-24 
1554.0 7.981967617489478e-24 
1555.0 7.986600501095161e-24 
1556.0 7.99123448287049e-24 
1557.0 7.995869610506275e-24 
1558.0 8.00050587172617e-24 
1559.0 8.005143227638974e-24 
1560.0 8.009781639233481e-24 
1561.0 8.014421067498474e-24 
1562.0 8.019061473422745e-24 
1563.0 8.023702817995084e-24 
1564.0 8.028345062204276e-24 
1565.0 8.03298816703911e-24 
1566.0 8.037632093488375e-24 
1567.0 8.04227680254086e-24 
1568.0 8.046922255185352e-24 
1569.0 8.051568412410642e-24 
1570.0 8.056215235205518e-24 
1571.0 8.060862684558766e-24 
1572.0 8.065510721452012e-24 
1573.0 8.070159304309984e-24 
1574.0 8.074808385231076e-24 
1575.0 8.079457915352231e-24 
1576.0 8.084107845810413e-24 
1577.0 8.08875812774257e-24 
1578.0 8.093408712285661e-24 
1579.0 8.098059550576638e-24 
1580.0 8.10271059375245e-24 
1581.0 8.10736179295006e-24 
1582.0 8.112013099306419e-24 
1583.0 8.116664463958479e-24 
1584.0 8.121315838043195e-24 
1585.0 8.125967172697522e-24 
1586.0 8.130618419058413e-24 
1587.0 8.135269528262823e-24 
1588.0 8.139920451317736e-24 
1589.0 8.144571133001187e-24 
1590.0 8.149221509244443e-24 
1591.0 8.153871515304959e-24 
1592.0 8.15852108644019e-24 
1593.0 8.16317015790758e-24 
1594.0 8.167818664964587e-24 
1595.0 8.17246654286867e-24 
1596.0 8.177113726877266e-24 
1597.0 8.181760152247845e-24 
1598.0 8.18640575423785e-24 
1599.0 8.191050468104733e-24 
1600.0 8.19569422910595e-24 
1601.0 8.200336972498952e-24 
1602.0 8.204978633541191e-24 
1603.0 8.209619147490126e-24 
1604.0 8.214258452918021e-24 
1605.0 8.21889660982168e-24 
1606.0 8.223533831759035e-24 
1607.0 8.228170342141451e-24 
1608.0 8.232806364380288e-24 
1609.0 8.237442121886912e-24 
1610.0 8.242077838072688e-24 
1611.0 8.246713736348981e-24 
1612.0 8.25135004012715e-24 
1613.0 8.255986972818567e-24 
1614.0 8.26062475783459e-24 
1615.0 8.265263618586585e-24 
1616.0 8.26990377848592e-24 
1617.0 8.274545460943951e-24 
1618.0 8.279188889372049e-24 
1619.0 8.283834287181574e-24 
1620.0 8.288481876718489e-24 
1621.0 8.293131793679001e-24 
1622.0 8.297784024442335e-24 
1623.0 8.302438540613139e-24 
1624.0 8.307095313796068e-24 
1625.0 8.311754315595776e-24 
1626.0 8.316415517616917e-24 
1627.0 8.32107889146414e-24 
1628.0 8.325744408742104e-24 
1629.0 8.330412041055459e-24 
1630.0 8.335081760008865e-24 
1631.0 8.339753537206964e-24 
1632.0 8.34442734425442e-24 
1633.0 8.349103152755877e-24 
1634.0 8.353780934315996e-24 
1635.0 8.358460660539427e-24 
1636.0 8.363142303030605e-24 
1637.0 8.36782577246818e-24 
1638.0 8.372510746967057e-24 
1639.0 8.37719684915989e-24 
1640.0 8.381883701679331e-24 
1641.0 8.386570927158023e-24 
1642.0 8.39125814822862e-24 
1643.0 8.395944987523774e-24 
1644.0 8.400631067676127e-24 
1645.0 8.405316011318335e-24 
1646.0 8.409999441083043e-24 
1647.0 8.414680979602908e-24 
1648.0 8.419360249510568e-24 
1649.0 8.424036873438684e-24 
1650.0 8.428710474019898e-24 
1651.0 8.433380673886859e-24 
1652.0 8.438047095672224e-24 
1653.0 8.442709390769418e-24 
1654.0 8.447367689153399e-24 
1655.0 8.452022515553731e-24 
1656.0 8.456674406500254e-24 
1657.0 8.461323898522805e-24 
1658.0 8.465971528151218e-24 
1659.0 8.470617831915337e-24 
1660.0 8.475263346344992e-24 
1661.0 8.479908607970023e-24 
1662.0 8.484554153320273e-24 
1663.0 8.489200518925568e-24 
1664.0 8.493848241315756e-24 
1665.0 8.498497857020667e-24 
1666.0 8.503149902570141e-24 
1667.0 8.507804914494018e-24 
1668.0 8.512463429322132e-24 
1669.0 8.517125983584323e-24 
1670.0 8.521792967488455e-24 
1671.0 8.526464124033444e-24 
1672.0 8.531139017332251e-24 
1673.0 8.53581721149174e-24 
1674.0 8.540498270618775e-24 
1675.0 8.54518175882023e-24 
1676.0 8.54986724020297e-24 
1677.0 8.554554278873859e-24 
1678.0 8.559242438939764e-24 
1679.0 8.563931284507554e-24 
1680.0 8.568620379684097e-24 
1681.0 8.573309288576255e-24 
1682.0 8.5779975752909e-24 
1683.0 8.582684803934896e-24 
1684.0 8.587370538615113e-24 
1685.0 8.592054343438411e-24 
1686.0 8.596735783414245e-24 
1687.0 8.60141463479206e-24 
1688.0 8.606091155291184e-24 
1689.0 8.610765669382153e-24 
1690.0 8.615438501535485e-24 
1691.0 8.620109976221711e-24 
1692.0 8.624780417911354e-24 
1693.0 8.629450151074943e-24 
1694.0 8.634119500183e-24 
1695.0 8.638788789706056e-24 
1696.0 8.643458344114634e-24 
1697.0 8.648128487879261e-24 
1698.0 8.652799545470461e-24 
1699.0 8.657471841358766e-24 
1700.0 8.662145700014697e-24 
1701.0 8.666821445908782e-24 
1702.0 8.671499403511545e-24 
1703.0 8.676179895539805e-24 
1704.0 8.680863032089974e-24 
1705.0 8.68554851009112e-24 
1706.0 8.69023597897033e-24 
1707.0 8.694925088154702e-24 
1708.0 8.699615487071327e-24 
1709.0 8.7043068251473e-24 
1710.0 8.70899875180971e-24 
1711.0 8.71369091648565e-24 
1712.0 8.718382968602215e-24 
1713.0 8.723074557586496e-24 
1714.0 8.727765332865588e-24 
1715.0 8.732454943866582e-24 
1716.0 8.737143040016566e-24 
1717.0 8.741829270742645e-24 
1718.0 8.746513285471898e-24 
1719.0 8.751194733631428e-24 
1720.0 8.755873265009107e-24 
1721.0 8.760548734585893e-24 
1722.0 8.76522154508306e-24 
1723.0 8.769892189633238e-24 
1724.0 8.774561161369062e-24 
1725.0 8.779228953423162e-24 
1726.0 8.783896058928167e-24 
1727.0 8.788562971016721e-24 
1728.0 8.793230182821446e-24 
1729.0 8.797898187474981e-24 
1730.0 8.802567478109953e-24 
1731.0 8.807238547858999e-24 
1732.0 8.811911889854748e-24 
1733.0 8.816587997229837e-24 
1734.0 8.821267363116896e-24 
1735.0 8.825950480648559e-24 
1736.0 8.830637842957456e-24 
1737.0 8.83532994317622e-24 
1738.0 8.840027163005905e-24 
1739.0 8.84472918516504e-24 
1740.0 8.849435421953487e-24 
1741.0 8.854145285085631e-24 
1742.0 8.858858186275857e-24 
1743.0 8.863573537238542e-24 
1744.0 8.868290749688078e-24 
1745.0 8.87300923533884e-24 
1746.0 8.877728405905225e-24 
1747.0 8.882447673101607e-24 
1748.0 8.887166448642374e-24 
1749.0 8.89188414424191e-24 
1750.0 8.896600171614596e-24 
1751.0 8.90131394247482e-24 
1752.0 8.906024868536964e-24 
1753.0 8.910732361515412e-24 
1754.0 8.91543583312455e-24 
1755.0 8.920134705512449e-24 
1756.0 8.924828822966243e-24 
1757.0 8.929518587905605e-24 
1758.0 8.934204441049227e-24 
1759.0 8.938886823115817e-24 
1760.0 8.943566174824084e-24 
1761.0 8.948242936892732e-24 
1762.0 8.952917550040458e-24 
1763.0 8.957590454985975e-24 
1764.0 8.962262092447984e-24 
1765.0 8.966932903145187e-24 
1766.0 8.971603327796291e-24 
1767.0 8.97627380712e-24 
1768.0 8.980944781835022e-24 
1769.0 8.985616692660055e-24 
1770.0 8.990289980313808e-24 
1771.0 8.994965085514983e-24 
1772.0 8.999642448982288e-24 
1773.0 9.004322476433882e-24 
1774.0 9.009005278126556e-24 
1775.0 9.01369081598846e-24 
1776.0 9.018379050830959e-24 
1777.0 9.023069943465401e-24 
1778.0 9.027763454703145e-24 
1779.0 9.032459545355549e-24 
1780.0 9.037158176233962e-24 
1781.0 9.041859308149746e-24 
1782.0 9.046562901914257e-24 
1783.0 9.05126891833885e-24 
1784.0 9.055977318234882e-24 
1785.0 9.060688062413707e-24 
1786.0 9.06540111168668e-24 
1787.0 9.070116426865162e-24 
1788.0 9.074833968760505e-24 
1789.0 9.079553698184067e-24 
1790.0 9.084275575947202e-24 
1791.0 9.088999518482874e-24 
1792.0 9.093725234628337e-24 
1793.0 9.098452372569e-24 
1794.0 9.103180580482895e-24 
1795.0 9.107909506548055e-24 
1796.0 9.112638798942524e-24 
1797.0 9.117368105844331e-24 
1798.0 9.12209707543151e-24 
1799.0 9.126825355882106e-24 
1800.0 9.131552595374144e-24 
1801.0 9.13627844208567e-24 
1802.0 9.14100254419471e-24 
1803.0 9.145724549879302e-24 
1804.0 9.150444107317485e-24 
1805.0 9.155160864687291e-24 
1806.0 9.159874470166756e-24 
1807.0 9.16458457193392e-24 
1808.0 9.169290818166813e-24 
1809.0 9.173992970896504e-24 
1810.0 9.17869130940863e-24 
1811.0 9.183386259806551e-24 
1812.0 9.1880782482035e-24 
1813.0 9.19276770071272e-24 
1814.0 9.197455043447452e-24 
1815.0 9.202140702520933e-24 
1816.0 9.206825104046403e-24 
1817.0 9.2115086741371e-24 
1818.0 9.216191838906263e-24 
1819.0 9.220875024467132e-24 
1820.0 9.225558656932945e-24 
1821.0 9.230243162416946e-24 
1822.0 9.234928967032367e-24 
1823.0 9.239616496892449e-24 
1824.0 9.244306178110435e-24 
1825.0 9.248998436799562e-24 
1826.0 9.253693699073068e-24 
1827.0 9.258392345287337e-24 
1828.0 9.263094402574005e-24 
1829.0 9.267799733660025e-24 
1830.0 9.272508200357077e-24 
1831.0 9.277219664476838e-24 
1832.0 9.281933987830978e-24 
1833.0 9.286651032231179e-24 
1834.0 9.291370659489112e-24 
1835.0 9.296092731416457e-24 
1836.0 9.300817109824888e-24 
1837.0 9.305543656526079e-24 
1838.0 9.310272233331711e-24 
1839.0 9.315002702053456e-24 
1840.0 9.319734924502992e-24 
1841.0 9.324468762491992e-24 
1842.0 9.329204077832135e-24 
1843.0 9.333940732335098e-24 
1844.0 9.338678587812551e-24 
1845.0 9.343417504892873e-24 
1846.0 9.348157305983862e-24 
1847.0 9.352897767927014e-24 
1848.0 9.357638664897123e-24 
1849.0 9.362379771068986e-24 
1850.0 9.367120860617399e-24 
1851.0 9.371861707717154e-24 
1852.0 9.376602086543048e-24 
1853.0 9.38134177126988e-24 
1854.0 9.38608053607244e-24 
1855.0 9.390818155125527e-24 
1856.0 9.395554402603935e-24 
1857.0 9.400289052682456e-24 
1858.0 9.405021879535888e-24 
1859.0 9.409752657339028e-24 
1860.0 9.414481160266672e-24 
1861.0 9.41920716249361e-24 
1862.0 9.42393043819464e-24 
1863.0 9.42865076154456e-24 
1864.0 9.433367975170086e-24 
1865.0 9.438082298212231e-24 
1866.0 9.442794078580155e-24 
1867.0 9.447503664295313e-24 
1868.0 9.452211403379159e-24 
1869.0 9.456917643853152e-24 
1870.0 9.46162273373875e-24 
1871.0 9.466327021057412e-24 
1872.0 9.471030853830593e-24 
1873.0 9.47573458007975e-24 
1874.0 9.480438547826344e-24 
1875.0 9.48514310509183e-24 
1876.0 9.489848599897665e-24 
1877.0 9.494555380265307e-24 
1878.0 9.499263794216213e-24 
1879.0 9.503974189771841e-24 
1880.0 9.50868691495365e-24 
1881.0 9.513402317783095e-24 
1882.0 9.518120745797539e-24 
1883.0 9.522842390658024e-24 
1884.0 9.527567065524616e-24 
1885.0 9.532294527217143e-24 
1886.0 9.537024532555439e-24 
1887.0 9.541756838359332e-24 
1888.0 9.546491201448654e-24 
1889.0 9.551227378643235e-24 
1890.0 9.555965126762905e-24 
1891.0 9.560704202627496e-24 
1892.0 9.565444363056837e-24 
1893.0 9.57018536487076e-24 
1894.0 9.574926964889097e-24 
1895.0 9.579668919931676e-24 
1896.0 9.58441098681833e-24 
1897.0 9.58915292236889e-24 
1898.0 9.593894483403182e-24 
1899.0 9.59863542674104e-24 
1900.0 9.603375509202296e-24 
1901.0 9.608114488491487e-24 
1902.0 9.612852222002386e-24 
1903.0 9.617588756902289e-24 
1904.0 9.622324161636027e-24 
1905.0 9.627058504648435e-24 
1906.0 9.631791854384352e-24 
1907.0 9.636524279288606e-24 
1908.0 9.641255847806025e-24 
1909.0 9.645986628381451e-24 
1910.0 9.650716689459713e-24 
1911.0 9.655446099485645e-24 
1912.0 9.66017492690408e-24 
1913.0 9.664903240159856e-24 
1914.0 9.669631107697797e-24 
1915.0 9.674358597962743e-24 
1916.0 9.679085779399527e-24 
1917.0 9.683812720452978e-24 
1918.0 9.688539489567934e-24 
1919.0 9.693266155189226e-24 
1920.0 9.697992785737056e-24 
1921.0 9.70271943945306e-24 
1922.0 9.707446148746919e-24 
1923.0 9.712172941991594e-24 
1924.0 9.716899847560043e-24 
1925.0 9.721626893825228e-24 
1926.0 9.726354109160105e-24 
1927.0 9.731081521937632e-24 
1928.0 9.735809160530767e-24 
1929.0 9.740537053312475e-24 
1930.0 9.745265228655708e-24 
1931.0 9.749993714933429e-24 
1932.0 9.754722540518596e-24 
1933.0 9.759451733784164e-24 
1934.0 9.764181323103099e-24 
1935.0 9.768911336848351e-24 
1936.0 9.773641803392887e-24 
1937.0 9.77837275110966e-24 
1938.0 9.783104208371635e-24 
1939.0 9.787836203551765e-24 
1940.0 9.792568751243584e-24 
1941.0 9.797301781676012e-24 
1942.0 9.802035193162602e-24 
1943.0 9.806768883957003e-24 
1944.0 9.811502752312864e-24 
1945.0 9.816236696483842e-24 
1946.0 9.820970614723585e-24 
1947.0 9.825704405285747e-24 
1948.0 9.830437966423976e-24 
1949.0 9.835171196391931e-24 
1950.0 9.839903993443258e-24 
1951.0 9.844636255831612e-24 
1952.0 9.849367881810644e-24 
1953.0 9.854098769634004e-24 
1954.0 9.858828817555347e-24 
1955.0 9.863557923828323e-24 
1956.0 9.868285986706587e-24 
1957.0 9.873012904443784e-24 
1958.0 9.877738575293573e-24 
1959.0 9.882462900781668e-24 
1960.0 9.887185934470424e-24 
1961.0 9.891907943127727e-24 
1962.0 9.896629209467485e-24 
1963.0 9.9013500162036e-24 
1964.0 9.906070646049975e-24 
1965.0 9.910791381720514e-24 
1966.0 9.915512505929115e-24 
1967.0 9.920234301389691e-24 
1968.0 9.924957050816137e-24 
1969.0 9.92968103692236e-24 
1970.0 9.934406542422263e-24 
1971.0 9.93913385002975e-24 
1972.0 9.943863242458721e-24 
1973.0 9.948595002423081e-24 
1974.0 9.953329412636737e-24 
1975.0 9.958066755813585e-24 
1976.0 9.962807314667537e-24 
1977.0 9.967551371912492e-24 
1978.0 9.97229921026235e-24 
1979.0 9.977051080856568e-24 
1980.0 9.981806892995121e-24 
1981.0 9.9865663468469e-24 
1982.0 9.991329139573845e-24 
1983.0 9.996094968337894e-24 
1984.0 1.0000863530300986e-23 
1985.0 1.0005634522625057e-23 
1986.0 1.0010407642472048e-23 
1987.0 1.0015182587003898e-23 
1988.0 1.0019959053382538e-23 
1989.0 1.0024736738769916e-23 
1990.0 1.0029515340327966e-23 
1991.0 1.0034294555218624e-23 
1992.0 1.0039074080603833e-23 
1993.0 1.0043853613645527e-23 
1994.0 1.0048632851505651e-23 
1995.0 1.0053411491346134e-23 
1996.0 1.005818923032892e-23 
1997.0 1.0062965765615945e-23 
1998.0 1.0067740794369153e-23 
1999.0 1.0072514040849519e-23 
2000.0 1.0077285426981171e-23 
2001.0 1.0082054962268148e-23 
2002.0 1.0086822656606342e-23 
2003.0 1.0091588519891648e-23 
2004.0 1.0096352562019965e-23 
2005.0 1.0101114792887178e-23 
2006.0 1.0105875222389187e-23 
2007.0 1.0110633860421885e-23 
2008.0 1.0115390716881171e-23 
2009.0 1.0120145801662933e-23 
2010.0 1.0124899124663069e-23 
2011.0 1.0129650695777471e-23 
2012.0 1.0134400524902036e-23 
2013.0 1.0139148621932654e-23 
2014.0 1.0143894996765224e-23 
2015.0 1.014863965929564e-23 
2016.0 1.0153382619419797e-23 
2017.0 1.0158123887033583e-23 
2018.0 1.0162863472032897e-23 
2019.0 1.0167601389076358e-23 
2020.0 1.0172337698403732e-23 
2021.0 1.0177072485596957e-23 
2022.0 1.0181805836510244e-23 
2023.0 1.0186537836997817e-23 
2024.0 1.0191268572913892e-23 
2025.0 1.0195998130112682e-23 
2026.0 1.020072659444841e-23 
2027.0 1.0205454051775292e-23 
2028.0 1.0210180587947543e-23 
2029.0 1.0214906288819384e-23 
2030.0 1.0219631240245031e-23 
2031.0 1.0224355528078705e-23 
2032.0 1.022907923817462e-23 
2033.0 1.0233802456386993e-23 
2034.0 1.0238525268570043e-23 
2035.0 1.0243247760577992e-23 
2036.0 1.024797001826505e-23 
2037.0 1.025269212748544e-23 
2038.0 1.0257414174093379e-23 
2039.0 1.0262136245197818e-23 
2040.0 1.0266858467312388e-23 
2041.0 1.0271581013293455e-23 
2042.0 1.0276304058651189e-23 
2043.0 1.0281027778895767e-23 
2044.0 1.028575234953736e-23 
2045.0 1.0290477946086135e-23 
2046.0 1.0295204744052269e-23 
2047.0 1.029993291894593e-23 
2048.0 1.0304662646277291e-23 
2049.0 1.0309394101556529e-23 
2050.0 1.0314127460293807e-23 
2051.0 1.0318862897999304e-23 
2052.0 1.0323600590183188e-23 
2053.0 1.0328340712355633e-23 
2054.0 1.0333083440026809e-23 
2055.0 1.033782894870689e-23 
2056.0 1.0342577413906046e-23 
2057.0 1.0347329011134454e-23 
2058.0 1.0352083915902275e-23 
2059.0 1.035684230371969e-23 
2060.0 1.0361604294976742e-23 
2061.0 1.0366369753846092e-23 
2062.0 1.0371138470109536e-23 
2063.0 1.0375910233540817e-23 
2064.0 1.0380684833913692e-23 
2065.0 1.0385462061001915e-23 
2066.0 1.0390241704579234e-23 
2067.0 1.0395023554419404e-23 
2068.0 1.0399807400296179e-23 
2069.0 1.0404593031983309e-23 
2070.0 1.0409380239254546e-23 
2071.0 1.0414168811883646e-23 
2072.0 1.0418958539644355e-23 
2073.0 1.0423749212310431e-23 
2074.0 1.0428540619655624e-23 
2075.0 1.0433332551453684e-23 
2076.0 1.0438124797478371e-23 
2077.0 1.0442917147503431e-23 
2078.0 1.0447709391302615e-23 
2079.0 1.0452501318649681e-23 
2080.0 1.04572927193288e-23 
2081.0 1.0462083384310967e-23 
2082.0 1.0466873106833298e-23 
2083.0 1.0471661680387925e-23 
2084.0 1.0476448898466977e-23 
2085.0 1.0481234554562588e-23 
2086.0 1.0486018442166884e-23 
2087.0 1.0490800354771998e-23 
2088.0 1.0495580085870064e-23 
2089.0 1.0500357428953211e-23 
2090.0 1.0505132177513569e-23 
2091.0 1.0509904125043271e-23 
2092.0 1.0514673065034449e-23 
2093.0 1.0519438790979225e-23 
2094.0 1.0524201096369745e-23 
2095.0 1.0528959774698133e-23 
2096.0 1.0533714619456513e-23 
2097.0 1.0538465424137026e-23 
2098.0 1.0543211982231799e-23 
2099.0 1.0547954087232961e-23 
2100.0 1.055269153263265e-23 
2101.0 1.0557424117917796e-23 
2102.0 1.0562151953202914e-23 
2103.0 1.0566875603803354e-23 
2104.0 1.0571595671274156e-23 
2105.0 1.0576312757170364e-23 
2106.0 1.0581027463047022e-23 
2107.0 1.0585740390459168e-23 
2108.0 1.0590452140961842e-23 
2109.0 1.0595163316110089e-23 
2110.0 1.0599874517458955e-23 
2111.0 1.060458634656347e-23 
2112.0 1.0609299404978685e-23 
2113.0 1.061401429425964e-23 
2114.0 1.0618731615961375e-23 
2115.0 1.0623451971638933e-23 
2116.0 1.0628175962847356e-23 
2117.0 1.0632904191141684e-23 
2118.0 1.0637637258076962e-23 
2119.0 1.0642375765208227e-23 
2120.0 1.0647120314090526e-23 
2121.0 1.0651871506278898e-23 
2122.0 1.0656629940374912e-23 
2123.0 1.0661395829918301e-23 
2124.0 1.0666168625224397e-23 
2125.0 1.0670947686734057e-23 
2126.0 1.0675732374888135e-23 
2127.0 1.0680522050127486e-23 
2128.0 1.0685316072892963e-23 
2129.0 1.0690113803625422e-23 
2130.0 1.0694914602765714e-23 
2131.0 1.0699717830754698e-23 
2132.0 1.0704522848033226e-23 
2133.0 1.0709329015042153e-23 
2134.0 1.0714135692222332e-23 
2135.0 1.071894224001462e-23 
2136.0 1.0723748018859866e-23 
2137.0 1.072855238919893e-23 
2138.0 1.0733354711472667e-23 
2139.0 1.0738154346121928e-23 
2140.0 1.0742950653587567e-23 
2141.0 1.0747742994310443e-23 
2142.0 1.07525307287314e-23 
2143.0 1.0757313217291308e-23 
2144.0 1.0762089961638874e-23 
2145.0 1.0766861185159781e-23 
2146.0 1.0771627341223445e-23 
2147.0 1.0776388883297529e-23 
2148.0 1.0781146264849714e-23 
2149.0 1.0785899939347666e-23 
2150.0 1.0790650360259055e-23 
2151.0 1.0795397981051552e-23 
2152.0 1.0800143255192829e-23 
2153.0 1.0804886636150554e-23 
2154.0 1.0809628577392401e-23 
2155.0 1.0814369532386038e-23 
2156.0 1.0819109954599137e-23 
2157.0 1.0823850297499367e-23 
2158.0 1.0828591014554397e-23 
2159.0 1.0833332559231904e-23 
2160.0 1.0838075384999552e-23 
2161.0 1.0842819945325016e-23 
2162.0 1.0847566693675965e-23 
2163.0 1.0852316083520069e-23 
2164.0 1.0857068568324996e-23 
2165.0 1.086182459535272e-23 
2166.0 1.0866584339808215e-23 
2167.0 1.0871347604549514e-23 
2168.0 1.0876114165549703e-23 
2169.0 1.0880883798781857e-23 
2170.0 1.0885656280219066e-23 
2171.0 1.089043138583441e-23 
2172.0 1.0895208891600963e-23 
2173.0 1.0899988573491814e-23 
2174.0 1.090477020748004e-23 
2175.0 1.0909553569538728e-23 
2176.0 1.0914338435640954e-23 
2177.0 1.09191245817598e-23 
2178.0 1.0923911783868352e-23 
2179.0 1.0928699817939693e-23 
2180.0 1.0933488459946897e-23 
2181.0 1.0938277485863051e-23 
2182.0 1.0943066671661236e-23 
2183.0 1.0947855793314531e-23 
2184.0 1.095264462679602e-23 
2185.0 1.095743294807878e-23 
2186.0 1.09622205331359e-23 
2187.0 1.0967007168163622e-23 
2188.0 1.0971792777935748e-23 
2189.0 1.097657738699108e-23 
2190.0 1.0981361022065355e-23 
2191.0 1.0986143709894298e-23 
2192.0 1.0990925477213646e-23 
2193.0 1.0995706350759122e-23 
2194.0 1.100048635726646e-23 
2195.0 1.1005265523471386e-23 
2196.0 1.1010043876109638e-23 
2197.0 1.1014821441916938e-23 
2198.0 1.101959824762902e-23 
2199.0 1.1024374319981615e-23 
2200.0 1.1029149685710452e-23 
2201.0 1.1033924371551256e-23 
2202.0 1.1038698404239769e-23 
2203.0 1.1043471810511712e-23 
2204.0 1.1048244617102818e-23 
2205.0 1.1053016850748812e-23 
2206.0 1.1057788538185429e-23 
2207.0 1.1062559706148404e-23 
2208.0 1.1067330381373457e-23 
2209.0 1.1072100593220961e-23 
2210.0 1.1076870403245684e-23 
2211.0 1.1081639894601147e-23 
2212.0 1.1086409150839944e-23 
2213.0 1.1091178255514664e-23 
2214.0 1.1095947292177915e-23 
2215.0 1.1100716344382287e-23 
2216.0 1.1105485495680376e-23 
2217.0 1.1110254829624783e-23 
2218.0 1.11150244297681e-23 
2219.0 1.1119794379662926e-23 
2220.0 1.112456476286185e-23 
2221.0 1.112933566291748e-23 
2222.0 1.1134107163382407e-23 
2223.0 1.1138879347809228e-23 
2224.0 1.1143652299750539e-23 
2225.0 1.1148426102758937e-23 
2226.0 1.1153200840387012e-23 
2227.0 1.1157976596187372e-23 
2228.0 1.1162753453712607e-23 
2229.0 1.1167531496515314e-23 
2230.0 1.1172310808148089e-23 
2231.0 1.1177091470629326e-23 
2232.0 1.1181873522552647e-23 
2233.0 1.1186656954017937e-23 
2234.0 1.119144175257321e-23 
2235.0 1.1196227905766467e-23 
2236.0 1.1201015401145728e-23 
2237.0 1.1205804226258996e-23 
2238.0 1.1210594368654281e-23 
2239.0 1.1215385815879587e-23 
2240.0 1.122017855548293e-23 
2241.0 1.1224972575012313e-23 
2242.0 1.1229767862015754e-23 
2243.0 1.1234564404041254e-23 
2244.0 1.1239362188636825e-23 
2245.0 1.124416120335048e-23 
2246.0 1.1248961435730219e-23 
2247.0 1.1253762873324054e-23 
2248.0 1.1258565503680003e-23 
2249.0 1.1263369314346063e-23 
2250.0 1.1268174292870248e-23 
2251.0 1.1272980426800571e-23 
2252.0 1.1277787703685036e-23 
2253.0 1.1282596111069375e-23 
2254.0 1.1287405597624332e-23 
2255.0 1.1292215974240083e-23 
2256.0 1.1297027021296842e-23 
2257.0 1.130183851917482e-23 
2258.0 1.1306650248254232e-23 
2259.0 1.1311461988915282e-23 
2260.0 1.1316273521538192e-23 
2261.0 1.1321084626503168e-23 
2262.0 1.1325895084190425e-23 
2263.0 1.1330704674980174e-23 
2264.0 1.1335513179252627e-23 
2265.0 1.1340320377387998e-23 
2266.0 1.1345126049766498e-23 
2267.0 1.1349929976768338e-23 
2268.0 1.1354731938773733e-23 
2269.0 1.135953171616289e-23 
2270.0 1.1364329089316028e-23 
2271.0 1.1369123838613355e-23 
2272.0 1.1373915744435083e-23 
2273.0 1.1378704587161426e-23 
2274.0 1.1383490147172593e-23 
2275.0 1.1388272204848802e-23 
2276.0 1.13930505463666e-23 
2277.0 1.1397825186191918e-23 
2278.0 1.1402596437068675e-23 
2279.0 1.1407364631849373e-23 
2280.0 1.1412130103386516e-23 
2281.0 1.1416893184532599e-23 
2282.0 1.1421654208140127e-23 
2283.0 1.1426413507061597e-23 
2284.0 1.1431171414149513e-23 
2285.0 1.1435928262256372e-23 
2286.0 1.1440684384234676e-23 
2287.0 1.1445440112936929e-23 
2288.0 1.1450195781215627e-23 
2289.0 1.1454951721923276e-23 
2290.0 1.1459708267912372e-23 
2291.0 1.1464465752035414e-23 
2292.0 1.1469224507144909e-23 
2293.0 1.1473984866093356e-23 
2294.0 1.1478747161733255e-23 
2295.0 1.1483511726917103e-23 
2296.0 1.1488278894497406e-23 
2297.0 1.1493048997326665e-23 
2298.0 1.1497822368257374e-23 
2299.0 1.1502599326278116e-23 
2300.0 1.1507379909320997e-23 
2301.0 1.151216389379055e-23 
2302.0 1.1516951046139502e-23 
2303.0 1.152174113282058e-23 
2304.0 1.1526533920286522e-23 
2305.0 1.1531329174990055e-23 
2306.0 1.1536126663383911e-23 
2307.0 1.1540926151920822e-23 
2308.0 1.1545727407053515e-23 
2309.0 1.1550530195234724e-23 
2310.0 1.1555334282917185e-23 
2311.0 1.1560139436553618e-23 
2312.0 1.1564945422596765e-23 
2313.0 1.1569752007499346e-23 
2314.0 1.1574558957714103e-23 
2315.0 1.1579366039693758e-23 
2316.0 1.1584173019891044e-23 
2317.0 1.1588979664758696e-23 
2318.0 1.1593785740749442e-23 
2319.0 1.1598591014316015e-23 
2320.0 1.1603395251911142e-23 
2321.0 1.1608198219987558e-23 
2322.0 1.1612999689490392e-23 
2323.0 1.1617799580575489e-23 
2324.0 1.162259799367933e-23 
2325.0 1.162739504001457e-23 
2326.0 1.1632190830793856e-23 
2327.0 1.1636985477229846e-23 
2328.0 1.1641779090535192e-23 
2329.0 1.1646571781922545e-23 
2330.0 1.1651363662604562e-23 
2331.0 1.1656154843793891e-23 
2332.0 1.1660945436703189e-23 
2333.0 1.1665735552545106e-23 
2334.0 1.1670525302532297e-23 
2335.0 1.1675314797877408e-23 
2336.0 1.1680104149793098e-23 
2337.0 1.1684893469492022e-23 
2338.0 1.1689682868186826e-23 
2339.0 1.1694472457090168e-23 
2340.0 1.1699262347414702e-23 
2341.0 1.1704052650373072e-23 
2342.0 1.1708843477177944e-23 
2343.0 1.1713634939041957e-23 
2344.0 1.1718427147177774e-23 
2345.0 1.172322021276603e-23 
2346.0 1.1728014198654345e-23 
2347.0 1.1732809022127107e-23 
2348.0 1.1737604573176125e-23 
2349.0 1.1742400741793197e-23 
2350.0 1.1747197417970144e-23 
2351.0 1.1751994491698765e-23 
2352.0 1.1756791852970868e-23 
2353.0 1.1761589391778272e-23 
2354.0 1.1766386998112772e-23 
2355.0 1.177118456196618e-23 
2356.0 1.1775981973330306e-23 
2357.0 1.1780779122196956e-23 
2358.0 1.1785575898557939e-23 
2359.0 1.1790372192405062e-23 
2360.0 1.1795167893730134e-23 
2361.0 1.1799962892524959e-23 
2362.0 1.1804757078781356e-23 
2363.0 1.1809550342491118e-23 
2364.0 1.1814342573646063e-23 
2365.0 1.1819133662237996e-23 
2366.0 1.1823923498258726e-23 
2367.0 1.182871197170006e-23 
2368.0 1.1833498972553804e-23 
2369.0 1.1838284396284589e-23 
2370.0 1.1843068248762779e-23 
2371.0 1.1847850638298483e-23 
2372.0 1.185263167707862e-23 
2373.0 1.185741147729012e-23 
2374.0 1.18621901511199e-23 
2375.0 1.1866967810754901e-23 
2376.0 1.1871744568382031e-23 
2377.0 1.1876520536188225e-23 
2378.0 1.1881295826360402e-23 
2379.0 1.1886070551085493e-23 
2380.0 1.1890844822550417e-23 
2381.0 1.1895618752942104e-23 
2382.0 1.1900392454447477e-23 
2383.0 1.1905166039253458e-23 
2384.0 1.1909939619546974e-23 
2385.0 1.1914713307514954e-23 
2386.0 1.1919487215344319e-23 
2387.0 1.1924261455221993e-23 
2388.0 1.1929036139334905e-23 
2389.0 1.1933811379869974e-23 
2390.0 1.193858728901413e-23 
2391.0 1.1943363978954294e-23 
2392.0 1.1948141561877394e-23 
2393.0 1.1952920146373934e-23 
2394.0 1.1957699807001122e-23 
2395.0 1.1962480599563434e-23 
2396.0 1.1967262579669671e-23 
2397.0 1.1972045802928629e-23 
2398.0 1.1976830324949112e-23 
2399.0 1.1981616201339917e-23 
2400.0 1.1986403487709838e-23 
2401.0 1.1991192239667675e-23 
2402.0 1.1995982512822226e-23 
2403.0 1.2000774362782295e-23 
2404.0 1.2005567845156674e-23 
2405.0 1.2010363015554163e-23 
2406.0 1.2015159929583561e-23 
2407.0 1.201995864285367e-23 
2408.0 1.2024759210973282e-23 
2409.0 1.2029561689551202e-23 
2410.0 1.2034366134196223e-23 
2411.0 1.2039172600517145e-23 
2412.0 1.2043981144122762e-23 
2413.0 1.2048791820621887e-23 
2414.0 1.2053604685623303e-23 
2415.0 1.2058419794735815e-23 
2416.0 1.206323720356822e-23 
2417.0 1.2068056951085356e-23 
2418.0 1.2072878893410097e-23 
2419.0 1.2077702773567884e-23 
2420.0 1.2082528332906197e-23 
2421.0 1.2087355312772507e-23 
2422.0 1.20921834545143e-23 
2423.0 1.209701249947905e-23 
2424.0 1.2101842189014233e-23 
2425.0 1.2106672264467339e-23 
2426.0 1.2111502467185839e-23 
2427.0 1.2116332538517204e-23 
2428.0 1.2121162219808925e-23 
2429.0 1.2125991252408476e-23 
2430.0 1.2130819377663331e-23 
2431.0 1.2135646336920976e-23 
2432.0 1.2140471871528886e-23 
2433.0 1.214529572283454e-23 
2434.0 1.2150117632185415e-23 
2435.0 1.2154937340928997e-23 
2436.0 1.215975459041275e-23 
2437.0 1.2164569121984162e-23 
2438.0 1.2169380676990712e-23 
2439.0 1.2174188996779879e-23 
2440.0 1.2178993822699132e-23 
2441.0 1.2183794901922764e-23 
2442.0 1.2188592210841759e-23 
2443.0 1.2193386025179087e-23 
2444.0 1.2198176640821426e-23 
2445.0 1.2202964353655446e-23 
2446.0 1.2207749459567842e-23 
2447.0 1.2212532254445281e-23 
2448.0 1.221731303417445e-23 
2449.0 1.222209209464202e-23 
2450.0 1.2226869731734675e-23 
2451.0 1.2231646241339094e-23 
2452.0 1.2236421919341954e-23 
2453.0 1.2241197061629931e-23 
2454.0 1.2245971964089714e-23 
2455.0 1.2250746922607972e-23 
2456.0 1.225552223307139e-23 
2457.0 1.2260298191366642e-23 
2458.0 1.2265075093380412e-23 
2459.0 1.2269853234999378e-23 
2460.0 1.2274632912110212e-23 
2461.0 1.22794144205996e-23 
2462.0 1.2284198056354222e-23 
2463.0 1.2288984115260753e-23 
2464.0 1.2293772893205874e-23 
2465.0 1.2298564686076265e-23 
2466.0 1.23033597349215e-23 
2467.0 1.2308157955182876e-23 
2468.0 1.2312959142589757e-23 
2469.0 1.2317763092686622e-23 
2470.0 1.2322569601017943e-23 
2471.0 1.2327378463128178e-23 
2472.0 1.233218947456181e-23 
2473.0 1.2337002430863301e-23 
2474.0 1.2341817127577123e-23 
2475.0 1.2346633360247749e-23 
2476.0 1.2351450924419644e-23 
2477.0 1.2356269615637285e-23 
2478.0 1.2361089229445132e-23 
2479.0 1.2365909561387668e-23 
2480.0 1.2370730407009351e-23 
2481.0 1.237555156185466e-23 
2482.0 1.2380372821468057e-23 
2483.0 1.2385193981394021e-23 
2484.0 1.2390014837177012e-23 
2485.0 1.2394835184361506e-23 
2486.0 1.2399654818491972e-23 
2487.0 1.2404473535112882e-23 
2488.0 1.2409291129768704e-23 
2489.0 1.2414107398003907e-23 
2490.0 1.2418922135415786e-23 
2491.0 1.2423735219217886e-23 
2492.0 1.2428546773002522e-23 
2493.0 1.2433356966669856e-23 
2494.0 1.2438165970120047e-23 
2495.0 1.2442973953253263e-23 
2496.0 1.2447781085969662e-23 
2497.0 1.2452587538169409e-23 
2498.0 1.2457393479752666e-23 
2499.0 1.2462199080619595e-23 
